   GM   0.0   0.0   0.0     X   0.5   0.0   0.0
    X   0.5   0.0   0.0     S   0.5   0.5   0.0
    S   0.5   0.5   0.0     Y   0.0   0.5   0.0
    Y   0.0   0.5   0.0    GM   0.0   0.0   0.0
   GM   0.0   0.0   0.0     Z   0.0   0.0   0.5
    Z   0.0   0.0   0.5     U   0.5   0.0   0.5
    U   0.5   0.0   0.5     R   0.5   0.5   0.5
    R   0.5   0.5   0.5     T   0.0   0.5   0.5
    T   0.0   0.5   0.5     Z   0.0   0.0   0.5
    Y   0.0   0.5   0.0     T   0.0   0.5   0.5
    U   0.5   0.0   0.5     X   0.5   0.0   0.0
    S   0.5   0.5   0.0     R   0.5   0.5   0.5
