   GM   0.0   0.0   0.0     Y   0.5   0.0   0.5
    Y   0.5   0.0   0.5     T   1.0   0.5   0.5
    T   1.0   0.5   0.5     Z   0.5   0.5   0.0
    Z   0.5   0.5   0.0    GM   0.0   0.0   0.0
   GM   0.0   0.0   0.0     X   0.0  0.25  0.25
    X   0.0  0.25  0.25    A1   0.5  0.25  0.75
   A1   0.5  0.25  0.75     Y   0.5   0.0   0.5
    T   1.0   0.5   0.5    X1   1.0  0.75  0.75
    X   0.0  0.25  0.25     A   0.5  0.75  0.25
    A   0.5  0.75  0.25     Z   0.5   0.5   0.0
    L   0.5   0.5   0.5    GM   0.0   0.0   0.0
