   Y1   0.0   0.5   0.5    GM   0.0   0.0   0.0
   GM   0.0   0.0   0.0     S   0.0   0.0   0.5
    S   0.0   0.0   0.5     R   0.5   0.0   0.5
    R   0.5   0.0   0.5     Z   0.5   0.0   0.0
    Z   0.5   0.0   0.0    GM   0.0   0.0   0.0
   GM   0.0   0.0   0.0     Y   0.0  -0.5   0.5
    Y   0.0  -0.5   0.5     T   0.5  -0.5   0.5
    T   0.5  -0.5   0.5     Z   0.5   0.0   0.0
   Z1   0.5   0.0  -1.0     R   0.5   0.0  -0.5
    R   0.5   0.0  -0.5    T1   0.5  -0.5  -0.5
   T1   0.5  -0.5  -0.5    Z2   0.5   0.0   1.0
