&INPUT
  flfrc='CsV3Sb5.fc',
  asr='crystal', 
  flfrq='CsV3Sb5.freq',
  q_in_band_form=.true.,
  q_in_cryst_coord=.true.,
 /
 12
 0.00000 0.00000 0.00000    100
 0.50000 0.00000 0.00000    100
 0.33333 0.33333 0.00000    100
 0.00000 0.00000 0.00000    100
 0.00000 0.00000 0.50000    100
 0.50000 0.00000 0.50000    100
 0.33333 0.33333 0.50000    100
 0.00000 0.00000 0.50000    1
 0.50000 0.00000 0.50000    100
 0.50000 0.00000 0.00000    1
 0.33333 0.33333 0.00000    100
 0.33333 0.33333 0.50000    1
